001
002
003
004
006
007
008
009
010
012
013
014
016
017
018
020
021
022
025
026
027
028
029
030
031
032
035
036
037
038
039
041
042
044
045
046
047
048
050
051
052
054
055
056
059
061
062
064
065
067
068
069
070
071
072
073
074
075
077
078
079
080
081
082
083
084
086
089
090
091
092
093
094
096
097
098
099
100
102
103
104
106
107
108
110
111
113
114
115
116
117
118
119
120
121
122
124
125
126
127
128
129
130
131
132
133
134
138
139
140
142
144
145
146
147
149
150
151
152
156
157
158
159
160
161
162
163
164
167
168
170
172
173
174
176
177
179
180
181
182
183
185
186
187
188
189
191
192
193
194
195
196
197
198
199
200
201
202
203
204
206
208
209
210
211
212
213
214
215
216
217
218
219
220
221
222
224
225
226
227
228
229
230
232
233
234
235
236
238
240
241
244
246
247
248
249
250
251
252
253
254
255
256
257
261
262
264
265
266
267
268
269
270
271
273
274
275
276
277
278
279
280
282
283
285
286
288
289
290
291
292
294
295
296
298
299
300
301
302
303
304
305
306
307
308
311
312
313
316
317
318
319
321
322
323
324
325
326
327
328
329
332
333
334
335
336
337
338
340
341
342
343
345
346
347
348
349
352
353
354
355
356
357
359
360
363
364
365
367
368
369
371
372
374
375
376
377
378
379
380
381
383
384
385
386
387
388
390
391
392
393
394
395
396
397
398
399
400
402
404
405
406
407
408
409
413
415
416
417
421
422
423
424
425
427
429
430
431
432
433
434
435
436
437
440
442
443
445
446
447
448
450
451
452
454
456
457
458
459
460
462
463
464
469
470
471
472
474
475
476
477
478
479
480
482
483
484
486
488
489
490
491
492
494
495
496
497
498
500
501
502
505
508
509
510
511
512
513
514
515
516
517
518
524
525
527
528
531
532
533
534
535
536
537
538
539
540
541
542
543
544
545
546
547
549
550
552
553
554
555
556
557
560
563
565
567
569
570
571
572
574
575
576
577
578
579
581
583
584
585
586
587
588
589
590
591
592
594
595
596
597
599
600
601
602
604
605
606
607
608
609
610
612
613
614
616
618
620
621
622
623
624
625
627
628
630
631
632
633
634
635
636
638
639
641
642
643
644
646
648
649
650
651
652
653
654
655
656
657
660
661
662
663
664
666
667
668
671
672
673
674
675
676
677
678
679
681
682
683
684
685
686
687
688
689
691
692
694
695
696
699
700
701
702
704
705
709
710
711
712
714
715
717
718
719
720
721
722
723
724
726
727
728
729
730
732
733
734
735
736
737
739
740
741
742
743
744
745
747
748
749
750
753
754
755
757
758
761
762
765
767
769
770
772
773
774
775
